48
1754
2708
2900
3290
4924
5052
5176
5670
7686
8106
9295
9553
10566
11996
16383
16733
17172
22205
22614
22751
22792
23027
23469
24866
24888
25207
25395
25453
26818
28683
28940
29595
31482
31526
31937
31984
32056
32564
32771
33026
33657
33722
34813
35572
36233
38011
39178
42769
44737
46448
47839
48149
48351
48949
49016
50461
52083
52971
53173
53230
53689
53818
54589
55757
56031
56355
57069
57996
62036
62157
62225
62382
63915
65035
65165
65304
65514
66289
66405
67474
68269
68781
69160
69500
71740
71818
72815
73103
73336
73552
73636
74334
74369
75644
76420
76998
77146
77329
78427
80221
80581
80716
81770
83061
84449
84584
85919
86097
87787
88414
88709
91097
92521
95149
96079
97714
98273
98725
99284
99309
100501
102058
102408
103252
104395
104939
105181
106983
107185
107950
109506
111004
111519
112033
112475
112870
112955
114143
114197
115429
117258
119426
119623
119635
119729
119833
121327
123404
123697
124369
124909
126045
127782
128765
129065
131152
131951
132843
133880
134305
134643
135225
135336
135543
135652
135987
136735
139499
140473
140926
142438
143212
144176
144677
145745
146569
146570
146574
147279
148650
148959
150155
151323
151603
154531
161037
161832
162586
162869
165720
166618
167299
168636
168757
168819
169140
170760
170995
171292
172048
174657
175108
175212
175453
176087
176149
178177
181542
181572
181714
181783
182731
183714
183990
186242
186510
186961
189363
189423
190401
190486
191310
191815
194297
195075
195377
197133
198569
199818
200691
200701
202806
204625
205541
205661
206608
207684
207975
208712
210148
211054
211839
211950
212327
214932
215215
215724
216779
218792
219745
220589
220953
221231
221409
221812
223097
223837
224550
224633
225165
225361
226100
227402
227501
228081
228180
230355
231062
233198
234762
237325
237379
238632
241277
242659
243175
243606
243649
244195
244466
244683
245584
245954
246746
247211
247405
247512
247876
248148
250608
251101
251140
251927
251937
253828
254156
254840
257379
257807
258494
258594
259910
260207
260886
261426
264514
265411
266465
267729
268046
268142
270158
272202
272244
272928
273282
274852
275015
275679
278414
279144
279651
280387
280463
280540
281285
281728
282186
283258
283976
285650
285684
285756
288485
289702
289712
290191
290434
291412
291760
295146
295150
295300
296914
298093
298255
298837
300614
300735
300928
301430
301689
302368
302770
303266
303413
303636
303932
304829
307867
309486
310151
311432
315442
316226
319876
320012
320505
320670
321236
322636
322918
323182
325970
328010
328306
329751
329907
330286
330748
332929
333149
333174
333633
333764
336171
336523
338350
339010
339308
339377
339402
339723
341732
342289
345363
346150
346448
347246
347825
348500
349981
352567
353277
355232
355310
356967
357266
357630
360227
360966
361798
362307
363221
364227
364325
366173
366307
367019
367519
367705
367911
368168
368847
369501
370492
370501
371322
371532
371884
374076
374159
374573
376389
376667
377962
377983
378527
380187
380996
381557
381790
383418
384381
384438
385024
385075
385392
385804
386526
387224
389286
390162
390305
390771
391579
392312
393005
393257
393437
393643
394190
395288
395392
396943
398360
398478
398745
400803
400876
401562
401588
402208
402461
403420
404255
405242
405855
408364
409180
410633
412017
412888
414296
415679
415780
416752
416753
418493
419584
420315
421864
421914
422666
424087
424139
424969
425321
426265
426749
426819
426891
428660
429902
430197
430654
430710
431019
431426
431937
432956
432990
433322
434572
435292
435833
436378
436941
440450
440483
441834
442261
444164
445261
445437
449695
450711
451533
452685
453402
453520
454572
455239
456944
458118
459151
460114
460160
460227
463357
466641
467181
468110
469687
470708
471371
471681
472208
473238
473769
476433
477558
479547
480343
480441
480685
481212
481546
483323
484123
485716
487053
487108
488640
488712
488870
489358
491063
491437
491812
491822
492320
493461
495268
495313
497584
498274
498324
499011
499465
500036
500262
501476
505022
505069
506847
506848
507769
507850
508423
509279
509535
512795
513454
514356
514722
514830
515116
515164
521486
522689
524627
524977
525790
526237
527261
529045
529049
530013
531822
532652
533714
534343
534584
535945
536024
536915
537105
539407
541978
542691
543890
544493
545652
546470
549442
549986
552052
553170
553831
555169
556342
557838
558890
558915
560214
560322
560460
560513
560862
561126
561754
563086
563136
563409
563720
564149
564962
565253
565343
565452
566256
566697
567073
568833
573299
573584
573812
576700
577415
577765
578239
578692
582428
583841
583953
585316
586517
591290
591439
591606
592945
593576
593932
596060
596994
601808
602066
603417
604405
605562
606944
609017
609960
610797
611364
612033
615461
615909
616956
617261
617335
617432
617843
619734
619996
621277
621402
622567
622969
623100
623274
625453
625736
627698
628279
629741
631866
632060
632069
632638
633221
633237
633625
633726
635622
636964
637093
637377
638072
638994
639462
641277
643326
643904
645852
646130
646968
647055
647414
647523
647684
648403
648455
649424
649526
650098
651361
652456
653324
653443
654219
655056
658473
659443
661077
661773
662135
662372
662854
663459
666181
666272
666660
667632
667644
668997
669003
671199
671374
672833
673010
673172
674576
674795
675260
675983
677010
679509
681071
681079
681273
681478
681568
681647
682511
684611
685230
686247
686680
687268
687590
687808
687937
688240
689887
694502
695356
696410
697549
700311
701400
701853
701975
702909
703237
703401
703744
704572
705664
707294
707825
708842
709018
709788
712613
712698
712756
713174
713702
713764
715323
716437
716998
719551
721126
722280
722435
722745
723256
725585
725854
725923
726983
727836
728160
731846
732812
733343
733454
735893
736264
736640
736755
737779
738060
738711
738855
738890
739654
739824
740450
740650
742006
742588
742666
748643
748947
751144
752171
752240
752440
754831
755852
756131
758153
759473
759975
760161
761420
761611
762166
762420
762724
763547
763964
764507
765543
766258
766984
769485
769728
771397
771532
772274
774635
775457
776258
776703
778904
780143
784503
784693
784742
788575
789274
789398
790409
790741
791427
793539
793995
794439
794669
795857
795864
796212
797015
797098
798109
799776
800742
802325
802583
803420
805725
805742
806563
807197
807423
807807
807875
809464
809514
811023
811492
811841
812592
813459
813923
814629
815838
817723
819123
820279
820640
821476
821855
822136
822687
823760
826751
827015
827376
827748
828104
828240
828800
829710
831064
831338
831456
835669
839655
839781
839837
840244
840454
841045
843035
844829
846754
846904
847173
847193
848164
848628
849546
852061
853629
853731
854238
854358
855472
856222
856811
859713
860439
860458
865532
865772
867430
867711
868478
869115
870613
871026
871620
872290
873511
873613
873802
874357
875252
877969
878005
881564
881983
883803
884693
885151
886160
886794
887436
887807
888462
888727
890358
890372
891480
891536
891815
891894
892818
893193
893711
893778
897696
898372
898479
898730
901264
901583
902172
903004
903515
903941
904357
904854
905291
906745
906839
907810
907875
908419
908807
909795
910369
911147
911455
911826
911948
912498
913487
916394
916717
916866
916973
917087
917126
917538
919689
920502
921408
921480
922402
923326
923527
923584
925351
926330
926571
926838
928082
928703
928901
930592
931171
932189
932812
933045
935283
935312
935797
937047
937418
937554
938689
938905
939430
941186
941474
943612
944249
947084
947186
947649
948197
948576
949041
949340
950747
954387
954687
955101
955173
957414
958414
958458
958844
959133
959816
960648
960694
960880
961480
961617
962543
962634
963030
964029
964639
966080
966180
966577
967565
969243
969799
970658
973578
973992
975248
975423
975971
976216
978331
978711
979300
980029
980099
980254
980285
980512
981649
984534
985186
985248
985729
985990
986119
987090
987795
987810
988299
989720
989745
991594
992388
992389
992551
992909
993739
994114
994299
997381
998991
999792
1000535
1001232
1001555
1002460
1002774
1002875
1004939
1006227
1006438
1007628
1007694
1008504
1009214
1009704
1010141
1011735
1012252
1013042
1013379
1014772
1017624
1019193
1021023
1022052
1022327
1022429
1023286
1023733
1025144
1025286
1026739
1027041
1028214
1030201
1030292
1032752
1034085
1035239
1036661
1037237
1037502
1038887
1039720
1040883
1041198
1044365
1044967
1045686
1045877
1046828
1047710
1047883
1047900
1049635
1049731
1049770
1050113
1050445
1052094
1053702
1054258
1056302
1056393
1057295
1057427
1059693
1059928
1060302
