135
349
409
955
1050
1409
1437
1591
1652
2368
2765
3473
3561
3595
3894
4280
4472
4794
5214
5756
5956
5959
6286
6641
6724
6843
6898
6918
7254
7677
7715
7795
8081
8128
8416
8850
9031
9034
9077
9687
9975
10054
10208
10555
10856
11781
11919
12073
12182
12546
13239
13284
13295
13312
13756
16355
16828
17012
18130
18465
18879
18884
19139
19355
19497
19687
19709
20108
20299
20424
20987
21368
21708
21769
21931
21948
22263
22334
22454
22463
22761
22813
23110
24379
24492
24692
26236
26546
26566
26590
26905
27003
27026
28061
28492
28928
29747
29845
30072
30166
30440
30973
31310
31606
32086
32260
32465
32767
33146
33709
34262
34291
34717
35323
35372
35408
35452
35523
35581
35674
35715
36025
36090
36107
36162
36592
36720
36791
36822
37609
37954
38091
38624
38878
38952
39407
39429
39726
39781
39831
39992
40228
40274
40417
41343
41360
41559
41901
42664
42714
42715
42784
43120
43149
43710
45591
46333
46526
47109
47608
48167
48237
48833
49094
49140
49404
49544
49718
49763
50029
50097
50315
50542
50652
51185
51662
51777
52072
52237
52739
52805
53035
53674
54064
54849
55891
55939
56452
56622
56776
57649
57775
57869
58034
58599
58716
58745
59172
59559
59909
59926
60321
60455
60484
60717
60817
61053
62189
62367
62901
62934
63119
63178
63825
63886
64033
64568
64598
64653
64919
65030
65820
65912
67424
67436
67551
67987
68212
68494
68527
68540
69413
69635
70355
71452
72306
72360
72361
72434
72893
72931
73094
73368
74141
74438
74728
75011
75179
75246
75940
76200
76280
76576
76636
76980
77094
77161
77412
77441
78042
78329
78362
79221
79249
79416
79474
80656
80663
80913
81174
81317
81472
81542
81869
81910
82267
82338
82454
82582
82725
82771
83050
83270
83866
84680
84865
84881
85562
85617
85832
85914
86077
86214
86534
86642
87151
87483
87840
88087
88277
88494
88936
89039
89578
89772
89941
90104
90163
90363
90953
91474
91515
91718
91734
91856
91972
91981
92586
93131
93557
93764
94319
94915
95095
95211
95292
95599
96248
96396
96549
97404
97592
97850
97942
98054
98060
98436
99083
99238
99937
100321
100578
100627
100770
100912
100930
100983
101059
101533
101729
101832
101867
102474
102551
102752
102956
103027
103116
103353
103511
104144
104550
104647
104669
104842
105348
105951
106030
106206
106339
106909
107067
107140
107320
107692
107747
108000
108139
108440
108809
108983
109772
110002
110431
110510
112005
113067
113567
113708
113913
114104
114158
114277
114417
114976
115174
115873
116154
116299
116583
116764
117181
117199
117490
117499
117897
118373
118755
119036
119040
119886
120124
120316
120988
121122
121748
122072
122114
122190
122331
122503
122621
123164
123228
123351
124312
124419
124594
125061
125243
125436
125514
125929
126052
126401
126435
126712
126778
127019
127133
127221
127230
127366
127719
127789
127979
128069
128210
128267
128303
128375
128535
128544
128712
129027
129053
129722
129820
130532
130605
131315
131704
131854
132405
132606
132707
132886
133007
133155
133213
133215
133704
133823
133836
133928
134198
134210
134289
134760
134971
135247
135390
135487
135509
135579
135927
136163
136174
136368
137653
137905
138322
138360
138424
139118
139540
139583
139642
139651
139960
140328
140747
141137
141191
141220
141274
141422
141875
141995
142720
142852
143018
143040
143061
143118
143322
143621
143861
144000
144300
144486
144581
145023
145029
145596
145845
146053
146255
146568
147123
147171
147609
147718
148276
148621
148687
148700
148715
148782
148784
149074
149109
149633
149854
150484
150521
150528
150677
150787
151239
151242
151607
151864
151964
152154
152211
152273
152341
152565
152979
153260
153273
153692
153799
154482
154562
154604
154618
154658
155120
155274
155451
155936
155956
156364
156730
156789
157034
157156
157246
157273
157491
157681
157706
158023
159164
159291
159379
159535
159537
159698
159710
160087
160766
160795
161369
162845
162989
163847
164746
165092
165212
165578
165666
165700
165857
166239
166342
166429
166581
166649
166709
167468
167529
168059
168534
169045
169918
169933
170674
170892
171322
171337
171345
171507
171570
171920
172013
172352
172515
172652
172812
173481
174282
174301
174339
174640
175379
175382
175581
175791
176012
176481
176555
176590
176636
176888
176988
177004
177072
177091
177117
177681
178767
180174
180809
180926
181482
181849
182840
182923
183557
183825
183863
185160
185279
185450
185734
186501
186725
186970
187062
187271
187721
188011
188070
188391
188678
189085
189303
189456
189917
190097
190125
190149
190330
190492
190612
190881
191445
191786
191845
192008
192220
192817
192921
192983
193263
193960
194413
194449
195137
195225
195258
195465
195565
195947
196250
196254
196504
197078
197088
197233
197359
197646
197713
197882
198085
198495
198628
198686
198906
199015
199294
199400
199447
199848
200006
200077
200459
201216
201371
201625
201628
201689
201695
201718
201770
202210
202221
202263
202339
202341
202487
202670
202974
205251
205266
205351
205594
206079
206439
206451
206757
206901
206910
207109
207176
207603
207787
208205
208317
208785
209245
209443
209555
209595
209639
209650
209723
209923
210252
210525
210750
210806
210879
211314
212027
212719
212852
212956
213043
213308
213366
213441
213463
213628
213708
213869
213877
214200
214257
214388
214594
214642
214692
214694
214822
215042
215055
215402
215750
216170
216379
216435
216552
216564
216589
216886
216888
217606
218013
218552
218751
219093
219308
219706
219840
220048
220810
221882
222035
222159
222367
222496
224252
224647
224969
225084
225613
225641
226066
226112
226753
227089
227379
227629
227758
228154
228266
228379
228600
228788
229376
229448
229785
229846
230197
230533
230767
230858
231029
231363
231466
231494
231525
231736
231997
232074
232197
232233
232612
232655
233271
233450
233862
234040
234240
234492
234579
234720
234757
234817
234886
235071
235154
235215
235534
235627
236005
236122
236254
236266
236476
236501
236681
237119
237242
237321
237596
237903
237906
237929
238005
238311
238845
239256
239586
239775
239955
240024
240358
240597
241163
241175
241268
241975
242275
242621
242879
242887
243462
243752
244301
244322
244490
244646
244694
244768
245003
245004
245073
245107
245398
245404
245661
246127
246280
246372
246459
246590
246918
247163
247367
247946
248233
248392
249510
249682
249740
250066
250691
250793
251446
251510
251681
251708
251833
252750
252899
253306
253317
253376
253395
253744
253977
254400
254539
254756
254911
254926
255210
255296
255438
255447
256187
256253
256530
256824
256900
257303
257907
258337
258468
258473
258474
258529
258604
259222
259654
259714
259717
260002
260689
260692
261512
262265
262517
262955
263031
263189
263328
263495
263512
264149
264358
264937
265213
265504
265608
266247
266347
266531
266673
266736
266780
266880
267115
267227
267482
267511
267549
267869
268034
268256
268263
268527
268547
269487
269557
269609
270360
270587
270761
270844
270925
271087
271187
271446
271589
271656
271906
272337
272390
272580
272861
273209
273675
273973
274179
274340
275136
275215
275414
275613
276000
276043
276247
276346
276528
277104
277748
279667
279874
279968
280098
280377
280821
281146
281211
281373
281512
281548
281550
281689
281961
282092
282640
283330
283692
283764
284677
284985
285155
285275
285335
286299
286304
286311
286326
286671
286929
287658
288097
288232
288246
288869
288932
289410
289593
289762
289952
290574
290973
291170
291400
291686
292027
292748
293049
293079
293114
293238
293823
294071
294160
294541
295177
295180
295266
295636
295658
295847
296027
296370
296385
296419
296575
296613
296628
297040
297048
297067
297145
297242
297601
297662
298017
298285
298630
298801
299393
300675
300750
301041
301069
301552
302138
302589
302938
303204
303368
303456
304099
304509
304867
305470
305642
306533
306555
306649
306687
307036
307192
307242
307478
307594
307800
307908
308088
308242
308458
308897
308980
309009
309119
309147
309715
310226
310632
311027
311198
311350
311407
311608
311640
311734
312111
312953
313170
313462
313661
313931
314124
314339
314536
314683
315391
315453
315784
316125
316606
317149
317266
317306
317529
317762
317818
317912
318451
318591
319382
319610
319667
320028
320748
320857
320982
321103
322566
322854
323685
323807
324152
324191
324451
324712
324893
324993
325084
325481
325746
325940
326107
326606
326688
326749
327067
327179
327439
327750
328161
328379
328412
328432
328731
329103
329422
329955
330037
330195
330624
330822
331417
331544
331821
332303
332605
332693
332796
332845
333146
333373
333460
333581
333726
333767
333991
334545
334903
335089
335205
335254
335457
335799
336114
336575
336757
336835
336910
336926
337176
337432
337659
337856
338047
338216
340182
340275
340356
340460
340462
340802
340904
341109
341203
341399
342047
342067
342332
342531
342754
342895
342902
343409
343490
343582
343825
343950
344359
344662
344695
345491
345566
345605
345653
346027
346469
346631
346703
347072
347214
347553
347801
347821
348152
348441
348766
349026
349368
349502
349637
349663
350181
350546
351447
351858
352338
352571
352722
353117
353348
354120
354533
354763
354873
355204
355488
355690
355833
355845
355975
356004
356370
356417
356536
356853
357111
358212
358576
358649
358768
359125
359365
359520
359594
360151
360350
360612
360716
360955
361042
361105
361491
361982
362017
362022
362315
362456
362531
362725
362812
363342
363375
363668
363944
364315
364338
364823
364957
365866
366159
366839
366869
366965
367010
367247
367356
367525
367651
367943
368497
369554
370326
371822
372365
373100
373356
373626
373902
376022
376040
376217
377148
377213
377427
377736
378136
378189
378377
378546
378675
379770
380254
380349
380401
380403
380580
380935
381120
381203
381973
382210
382332
383696
383853
383858
384680
384754
385031
385037
385247
385689
386820
386828
387034
387375
387754
388911
388912
389378
389855
389898
389995
390180
390293
391540
391731
391872
391948
392138
392450
392569
393083
393490
393558
393773
393956
394216
394552
394618
394942
395827
396900
396982
397260
397448
397455
397567
397971
398207
399137
399760
399820
399977
400481
400688
400783
400958
400998
401232
401344
401489
401833
401897
402295
402555
402652
402709
403212
403314
403330
403669
404071
404263
404419
404988
405299
405952
405969
406223
406359
406445
407235
407496
407628
408158
408588
409246
409592
409599
409676
410085
410102
410456
410561
410741
410899
411158
411467
411638
411686
412291
412531
412637
412819
412843
413847
414039
414120
414822
414858
414933
415154
415203
415255
415383
415504
415673
416373
416434
417012
417672
417831
417988
418232
418370
418382
418553
418779
418926
419498
419556
419874
420179
420186
420567
420687
420797
420948
421130
421593
421623
422118
422160
422434
422907
423069
423179
423187
424109
424686
424891
424966
424986
425290
425299
425738
425788
425994
426232
426321
426642
426867
427026
427042
427064
427447
427956
428376
428479
428892
429767
429969
430276
430550
430866
430901
431367
431491
431546
431812
431876
432069
432610
432776
432839
433114
433210
433373
433612
433862
434071
434270
434317
434351
434549
434642
434920
435002
435128
435411
436424
437388
437439
437451
437833
438259
438381
438625
439031
439049
439241
439294
439513
439702
440511
440602
441456
442341
442386
442551
442877
443410
443460
443761
444557
444763
444939
445263
445418
445452
445802
445829
446895
447378
447406
448484
448999
449064
449193
449536
449576
449714
449735
449833
450092
450093
450118
450953
451337
451703
451734
451792
452009
452307
452376
452434
452679
452726
453349
453424
453614
453625
453684
453748
453797
454116
454167
454299
454378
454532
455504
455945
456612
456753
456886
457133
457220
457275
457633
457855
457978
458216
458238
458344
458417
458624
459166
459211
459250
459484
459646
459673
460251
460400
460871
461003
461040
461188
461197
461324
461493
461746
462601
462658
462942
464338
464571
464825
465295
465355
465474
466090
466726
466768
467167
467324
467364
467866
468118
468252
468320
468917
469114
469359
469394
469466
469967
469976
470133
470210
470279
470600
470778
470834
470858
471047
471109
471256
471259
471307
471353
471732
471818
472042
472106
472264
472324
472989
473616
473847
473963
474547
474704
474808
474821
475344
475399
475585
476297
476540
476761
476778
477523
477719
478409
478549
478584
478612
478721
478819
479312
479353
479632
480230
480639
481360
481499
481656
482091
483159
483174
484121
484762
485171
485183
485242
485277
485283
486036
486289
486306
486439
487094
487659
488193
488243
488248
488940
489170
489182
489539
489735
489859
490130
490160
490412
490595
490847
491291
491690
491702
492288
492376
492543
492859
493200
493408
493484
493899
494109
494409
495945
496014
496017
496201
496758
497042
497060
497136
497469
498043
498202
498913
498915
498990
499168
499178
499360
499676
499703
500249
501352
501543
501657
501692
501867
501913
502880
503591
503620
503798
503952
505303
505462
507055
507278
507293
507680
508198
508279
508387
508776
508816
508872
509354
509387
509399
509409
509531
510682
510712
510961
511492
511940
512165
512208
512219
512785
512980
513035
514242
514539
514647
516101
516154
516233
516551
516910
517585
517619
517737
517838
517857
517892
518360
519054
519672
519750
519824
519970
520043
520085
520203
520568
520619
520778
521207
521353
521800
521801
521857
521979
522127
522181
522506
522701
522779
523061
523077
523157
523544
523693
523747
524173
524208
524332
524512
524732
526300
526832
527491
527501
527985
528080
528349
528375
528392
528426
528427
528696
529302
530133
530496
530611
530889
530943
531955
532458
532595
533103
533252
534474
534757
534958
535605
535837
536693
537543
537733
537940
538076
538996
539188
539690
539850
540076
540402
540492
540502
540730
540772
540995
541334
541570
541924
541986
542840
543073
543836
543924
543965
544030
544626
544821
544871
544944
545223
545796
546032
546253
546588
546615
546676
546801
547076
547792
547866
548195
548379
548405
548663
548963
549548
550109
550154
550387
550511
550604
550700
551061
552058
552144
552281
552284
552432
552477
552609
552674
553234
553781
553902
554097
554356
554507
554687
554855
554858
554868
555019
555495
555712
555804
555879
555984
556661
556786
557181
557227
557676
558500
558524
558945
559156
559253
559902
559923
560537
561292
561571
561853
561914
561945
562114
562168
562240
562743
562935
562950
563077
563078
563118
563560
563912
564000
564473
565303
565586
565648
565718
566008
566176
566444
566761
567000
567075
567166
567199
567288
567447
567538
567990
568271
568318
568399
568431
568602
568896
569336
569771
570154
570608
570675
570800
570961
571257
571689
572107
572441
572622
572750
573058
573612
573634
573687
574657
574660
575997
576340
576722
577893
577958
577970
578028
578518
579156
579162
580666
580897
581115
581139
581406
581568
581711
582123
582169
582285
582602
583127
583343
583435
583730
584240
584732
585221
585360
585655
585660
585820
586278
586400
587019
587097
587211
587373
587731
587821
587962
587998
588754
588887
589411
589449
589664
590190
590622
590674
590772
590979
591096
591119
591528
591685
592138
592400
592859
593161
593456
593981
594168
594732
595373
595445
595562
596208
596529
596665
596750
596811
596835
596973
597652
598200
598502
598530
598533
598888
598927
599564
599845
600995
601482
601726
602152
602305
602402
602668
603460
603511
603704
603717
603785
603824
603839
604081
604104
604546
604612
604846
604859
605366
605902
605925
606151
606814
607235
607549
607998
608516
608726
608907
608919
609112
609131
609683
609944
610613
610984
611049
611589
611672
611679
612188
612197
613042
613609
613735
614073
614151
614544
614827
615047
615264
615283
615318
615535
615765
616612
617063
617426
617547
618094
618257
619766
621024
621113
621214
621471
622063
623109
623463
623624
623670
623732
623772
624119
624472
625097
625248
625554
625600
625624
625661
625708
625983
626281
626595
627158
627507
627586
628029
628115
628623
628681
628773
628801
629409
629733
629802
629922
630370
630823
630935
630980
631153
631802
632238
632251
632293
632909
632940
633760
634187
634394
634577
635346
635567
636108
636259
636552
636696
636702
637267
637301
637510
638058
638333
638633
638661
638761
638867
639009
639142
639166
639301
639356
639631
639772
639952
640069
640184
640941
641085
641871
642264
642865
644047
644147
644198
644278
644468
644575
645527
645578
646756
646850
646992
647155
647201
647461
647720
647790
647830
648093
648123
648571
648594
648702
648784
649311
649460
649600
649647
649669
649763
649911
649935
650038
650467
651081
651845
652125
652245
652714
653060
653100
653133
653322
653543
653579
654241
654601
654732
655098
655780
655948
656043
656178
656427
656632
656718
656830
657152
657210
657604
657753
657874
657904
657940
658353
658663
658671
658983
659264
659317
659669
659962
659967
660012
660229
660311
660732
661334
661360
661886
661965
662045
662093
662458
662521
662587
662815
662922
663218
663416
663634
663956
664583
664863
664905
665050
665450
665654
665905
666771
666911
667504
667560
667708
668177
668411
668481
669462
670437
670438
670696
670936
671090
671102
671243
671335
671821
671977
672176
672269
672353
672673
672809
672886
673240
673582
674046
674162
674714
674966
675127
675358
675410
675494
675821
676083
676180
676354
676616
676892
677993
678283
678569
679610
679690
679994
680103
681349
681371
681587
682002
682066
682280
682455
683271
683481
683502
683712
683778
683995
684174
684370
684474
685716
686124
686179
686377
686723
686863
687179
687438
687504
687945
688221
688469
689379
689605
689768
689927
690160
690439
690534
690612
691003
691269
691341
691555
691923
692316
692445
692573
692865
693096
693340
693624
693899
694272
694592
694653
694757
695217
695262
695413
696278
697149
697669
697680
698021
698067
698083
698749
698989
699340
699419
699637
699924
700014
700066
700577
701016
701053
701594
701679
701945
702260
702381
703078
703140
703224
703436
703539
703992
704284
704312
704326
704370
704777
705211
705378
706069
706201
706331
706383
706698
707860
708407
709131
709185
710402
710462
711048
711659
712206
712439
712468
712583
712619
712738
712988
713092
713296
713496
713659
714503
714796
715082
715651
715742
715771
715834
715839
717089
717187
717543
717648
717731
717981
718187
719092
719142
719740
720354
720519
721037
721286
721612
721938
722437
722945
723190
723380
724008
724301
724309
724426
724475
724646
724829
724940
724982
725525
725554
725882
726624
726889
727226
727459
727603
727733
727748
728067
728229
729557
729739
730188
730944
731566
731930
731993
732670
732728
732858
733177
733982
734512
734719
735102
735475
735658
735971
736170
736198
736460
736889
736904
737027
738378
738800
739579
739736
739789
739930
740577
740916
741491
741952
743222
743316
743515
743546
743774
743894
743910
744427
744536
744771
744785
745131
745692
745830
746611
747023
747297
747924
747980
748613
748641
748984
749041
749317
749322
749332
749542
749685
749765
749951
749973
750214
750452
750665
750720
750989
751226
751385
751401
751435
751744
751771
751889
751909
752164
752665
752952
752957
753043
753114
753155
753524
753602
753821
754199
754399
754453
754534
755562
755575
755777
755863
756940
757316
757339
757415
758143
758363
758510
759085
759176
759490
759623
759699
760042
760286
760649
760850
761106
761184
761279
761303
761320
761397
761770
761952
762598
763135
763473
764482
764579
764651
765401
765470
766124
766618
766619
766810
766932
766976
767116
767567
768353
768503
768711
768810
768919
769835
770183
770451
771185
771457
772023
772429
772545
772560
772966
773156
773222
773249
773448
773866
773879
774131
774484
774719
774759
775033
775700
775736
776317
776562
776654
776888
777003
777416
777671
777755
777901
778292
778571
778648
779285
779308
779849
779852
780477
780634
780747
780788
781153
781402
781886
781899
782727
783157
783337
783383
784270
784572
784773
785283
785333
785619
785710
786165
786242
786370
786782
786925
786931
787233
787236
787759
787778
788359
788375
788522
788780
788817
789179
789316
790419
790879
791433
791851
791984
792260
792430
792586
793047
793547
793692
793714
794269
794485
794705
794883
795242
795258
795689
796014
796046
796704
796708
796844
797263
797531
797705
798094
798168
798191
798407
798415
798439
798836
799240
799519
799983
800059
800278
800338
800841
800925
800993
801172
802321
802363
802418
802431
802523
802535
802575
803110
803202
803521
804334
804342
804490
804541
804741
805322
805723
805739
806152
806168
806320
806722
807294
807347
807652
807850
808075
808331
808371
808577
808791
809291
809428
810037
810116
810282
810505
810764
811030
811050
811061
811322
811330
811480
811561
811874
812790
813130
813445
813784
813898
814018
814060
814068
814517
814742
814745
814869
815027
816303
816380
817024
817400
817476
817529
817537
817564
817633
817738
817870
818072
818595
819023
819232
819311
819522
820035
820059
820149
820401
820466
820926
820980
821292
821317
821673
821874
822323
822411
822653
823179
823660
824046
824401
825320
825866
826560
826742
827301
827709
827839
827952
828544
828733
828745
828815
829153
829669
830007
830109
830224
830726
830833
831546
831582
834116
834198
834219
834286
834389
834465
834639
835006
835325
835765
836145
836263
836283
836352
836415
836833
837354
837458
837601
837769
837782
838053
838283
838649
838710
838726
838983
839780
840048
840462
840661
840725
840777
840891
841032
841300
841883
841938
842696
843231
843549
843641
843708
844192
844367
844479
845233
845292
845846
845863
845952
846023
846090
846091
846593
846936
847212
847415
847455
847565
848000
848056
848212
848456
848806
848899
849791
850332
850390
850813
851054
851235
851351
851928
851969
852742
852799
853096
853683
854020
854061
854392
854653
854705
855091
855159
855757
856349
856458
857083
857811
858067
858221
858414
858429
859485
859552
859766
859803
859822
860269
860409
860706
860975
861132
861153
861426
861886
862081
862137
862284
862527
862799
863012
863151
863217
863499
864607
864733
864820
865267
865516
866008
866034
866539
866845
866892
866924
866963
867034
867243
867368
867855
868129
868621
868805
868937
869138
869542
869549
869727
870123
870130
870373
870767
871264
872183
873451
873483
873550
873563
874326
874399
874627
875010
875178
875756
875770
875800
875869
876336
876662
876923
877156
877180
877441
877661
878029
878259
879045
879411
879923
880064
880604
880985
881078
881094
882279
882668
883202
883420
883760
883840
883980
884670
884722
885258
885358
885508
886125
886310
886328
886990
887095
887674
887892
887932
888204
888237
888241
888684
889431
889516
889953
890086
891014
891703
891823
892105
892639
892831
893224
893258
893740
893890
893916
894558
894623
894955
895158
895302
895493
896257
896318
897275
897486
897718
897904
898254
899103
899944
900074
900718
900730
901557
901658
901696
902540
902541
902601
902700
902736
902768
902774
902805
902880
903293
904207
904487
904570
904806
905219
905320
905532
906263
906454
906476
906559
906601
907587
907607
908089
908105
908184
908491
908951
909199
909291
909512
909823
910572
911596
911927
911986
912079
912144
912214
912676
913110
913251
913497
913582
913970
914119
914272
914556
914586
914673
914792
915673
917257
917816
918074
918573
918582
919115
919254
919745
920148
920238
920247
920427
920648
920761
921120
922779
922828
923086
923198
923293
923387
923798
923814
923967
924089
924371
924719
924754
924851
924918
925494
926203
926625
927023
927427
928757
928926
928988
929138
929263
930100
930993
931037
931101
931566
931591
932045
932401
933733
933756
933866
933917
934007
934055
934313
934382
934399
934646
934753
935038
935616
935845
936754
936965
937180
937246
937259
937650
938153
938409
938772
938911
939075
939207
939774
939909
940380
940965
941406
942540
942604
942622
942799
942833
943136
943229
943397
944055
944506
944512
945018
946180
946606
947873
948226
948922
948928
949164
949187
949500
949782
949784
949794
950023
950422
950632
950864
950996
951156
951174
951394
951428
951745
952053
952470
952841
953137
953237
953348
953469
953584
953817
954972
955070
955125
955190
955327
955371
955552
955586
955594
955638
956337
956340
956393
956983
957169
957376
957411
958207
959230
959579
959679
959977
960186
960529
960874
960991
961261
961280
961338
961635
961783
961981
962069
962204
962277
962403
962526
962575
962623
963170
963239
963240
963250
963347
964020
964084
964461
964617
964855
965030
965161
965561
965562
965646
965658
966060
966159
966912
967400
967610
968177
968399
968755
968940
969357
969414
969885
970180
970828
971185
971342
971380
972969
973463
974104
974178
974375
974688
974818
974854
974980
975086
975728
977826
977865
978084
978203
978277
979677
980171
980657
980870
981119
981369
981526
982067
982142
982248
982625
982796
982804
982836
983089
983199
983528
983947
984163
984278
984332
984519
984598
984614
985045
985065
985508
985704
985912
986140
987264
987347
987715
987793
988056
988186
988198
988231
988336
988431
988780
989040
989134
989203
989279
989481
990243
990478
990484
990683
990709
990853
991132
991233
991383
991608
991723
991740
992117
993313
993481
993819
993925
994031
994059
994342
994408
994500
994733
995380
995492
995570
995619
996120
996153
996442
996675
997033
997167
997210
997250
998006
998236
998521
998648
998968
999948
1000024
1000206
1000539
1001005
1001424
1001979
1002096
1002914
1003115
1003482
1003976
1004131
1004523
1004681
1004701
1004875
1004941
1005365
1005484
1005724
1006136
1006786
1007547
1008184
1008308
1008363
1008365
1008607
1008633
1008823
1009033
1009044
1010239
1010900
1011433
1012087
1012516
1012860
1013117
1014034
1014215
1014685
1014751
1015293
1015917
1016258
1016372
1016473
1016487
1016504
1016821
1017257
1017941
1018109
1018358
1018658
1018688
1018701
1018787
1019341
1019587
1019598
1019711
1020554
1020580
1020648
1020668
1020903
1020973
1021146
1021409
1021542
1021572
1022155
1022368
1022668
1022959
1023201
1023483
1023671
1024180
1024202
1024676
1024836
1025269
1025281
1025477
1025676
1026243
1026376
1026450
1026492
1026639
1026796
1026833
1027097
1027460
1027533
1027922
1027961
1028054
1028065
1028418
1028681
1028685
1028848
1028964
1028997
1029500
1029507
1029700
1029774
1029881
1030074
1030179
1030502
1030764
1030893
1031123
1031216
1031325
1031775
1031803
1032233
1032243
1033304
1033499
1033842
1034093
1034158
1034612
1034771
1035437
1035814
1036056
1036245
1036667
1036683
1036979
1037196
1038133
1038759
1038772
1039068
1039299
1040117
1040300
1040443
1040871
1040932
1041035
1041430
1041438
1041659
1042131
1042509
1042702
1042991
1043668
1043817
1044244
1044323
1044827
1045067
1046042
1046091
1046462
1046819
1047480
1048527
1048599
1048985
1048994
1049485
1050281
1050659
1050848
1050906
1050928
1050951
1051097
1051386
1051575
1051847
1052467
1052559
1052626
1054180
1054210
1054361
1054576
1054933
1055146
1055323
1055982
1056421
1056874
1057022
1057172
1057372
1057571
1057769
1059646
1060405
