129
815
1937
2167
2795
3220
3630
3927
4690
5041
5048
8979
10382
10692
11839
17007
19571
22080
22592
22746
22968
25150
25350
26553
27539
27896
28042
28156
29261
29751
29856
31979
32113
32150
32298
36247
36761
37017
37109
37305
37388
38393
39329
40195
40398
41029
41548
42988
43169
44230
46103
46741
47216
47544
48106
49039
49304
49988
50460
50893
52479
52612
52837
55090
55721
56010
56300
56745
56988
57604
58109
58451
58754
59086
59418
62201
63186
63540
63546
67480
67966
68565
69318
71547
71865
72461
72589
73244
74742
74768
74797
74852
75838
78058
78275
79596
79706
79753
79817
81266
81806
81894
82925
84242
84750
85034
85453
87481
87742
88062
88405
88436
89220
90796
90900
91059
92369
93080
95040
98035
99370
99945
100887
102567
102902
103338
103543
104973
105345
105650
105673
105688
105944
108249
109375
109557
110374
112647
113636
113735
115237
115562
115916
116185
117336
117819
118044
118219
119123
119889
120401
120811
122337
123220
123221
124507
124717
126535
127173
127437
127835
128558
130408
131203
131676
132469
133317
135199
135623
137192
137501
137516
138413
138520
140529
142903
143439
144114
144857
147306
147881
149724
151165
151289
152524
153023
153753
153883
154398
155411
156225
156589
156692
158024
158875
159013
160717
160735
161034
161356
164274
164681
165565
165743
167181
168495
168593
169024
170163
170278
170706
170906
170911
172030
172032
173734
174171
174756
174987
175578
175786
177365
178445
179050
179794
180735
181052
181539
182697
184128
184835
184952
185487
185754
187250
187845
188014
188123
189727
190207
190286
190933
191645
191947
193385
193977
195669
196173
199417
200491
200724
201041
201675
202447
202650
202963
203355
203674
204001
204060
204167
205142
205833
205839
206393
206791
208430
208872
210338
210793
212663
213482
215630
215987
217167
217416
218869
220194
221005
223375
223888
224780
225741
227119
229331
229789
230042
230262
230375
230649
231180
232580
232776
235554
237425
237490
238308
240743
240950
242113
242114
243881
245998
246108
247082
247087
247687
248232
248401
249520
250547
253160
253450
253551
253754
254567
254646
255540
255610
255781
255916
255944
257436
257465
259696
260493
260843
260982
261020
262537
263020
263134
263192
263779
263903
265863
266299
266710
267740
268447
269035
269450
270335
272374
273088
274408
275239
275361
275803
275824
276146
276545
278506
279163
279534
279800
280546
282459
285394
285526
286000
286950
287116
287745
289631
290778
294174
296123
296941
299842
300800
302134
302410
302579
304029
305080
306848
307932
308548
309132
309689
309759
310145
310567
310674
311458
311590
312520
315208
315275
316204
317755
318237
319030
319100
322288
323114
323497
323535
325360
325806
326920
327311
328820
329628
332253
332283
332637
333113
334413
336404
337290
340190
340200
340890
341179
346081
346677
346745
350119
350257
351294
351955
352014
352095
352399
356852
356996
357371
358123
358667
360453
360593
362735
363327
364681
368218
368750
369841
370247
370886
371551
372085
372947
373115
373920
374369
374383
374799
375930
377101
377696
377968
379448
380408
381343
381693
382330
382799
383857
384129
384162
384488
386664
387690
387847
389445
391612
392094
392103
392440
392746
393141
394307
394708
394853
395545
397820
398382
398524
398557
399283
399394
401428
402242
402560
406549
406988
407032
407754
407950
408314
408635
409387
410341
412336
413736
414135
415668
416905
418135
421515
422461
422757
423527
424270
424642
428372
428682
428703
429209
430734
431939
432493
433113
433170
433380
434178
434448
434610
435509
440048
441470
442880
443124
443300
446385
451025
451780
453148
453928
454148
455467
458807
459146
460455
461721
463323
463893
465121
467096
467204
468001
468643
470514
472023
472955
474497
475486
475745
475972
476863
477096
477111
477540
478723
479135
480070
480453
480603
481046
481244
481365
482001
483610
485528
487248
488256
489879
490956
492050
492219
492942
496573
499219
499672
500555
500921
502058
502664
503927
504363
504781
505782
506079
506292
507015
507392
507761
509642
511854
512837
514003
515091
515325
515357
516181
518723
518832
519988
520851
521300
522243
522834
523094
523672
524692
525085
525657
526109
526181
526190
526219
529509
530277
530475
530795
530984
531031
531399
531699
531812
533496
533562
534150
535032
537305
537981
538476
538925
539401
539413
540603
540925
541947
542709
543053
545342
545596
547067
548697
549397
549774
551347
551737
554408
554909
555042
555058
555143
555429
556124
556778
557196
558456
559481
559499
560761
561129
563606
564203
565026
565559
565572
565719
570034
574762
577041
577444
579637
581324
581693
581749
582157
582905
583408
584359
586816
587134
587185
588042
588277
588926
591172
591927
592596
593381
597221
597707
597753
600347
601295
602110
602178
602309
603133
603260
604083
604916
605087
606755
606774
606968
607120
607318
607796
607806
608191
609678
610228
611664
613872
614669
618005
618038
623335
624147
624436
626020
626043
626577
630723
631079
632837
632849
632881
632891
633621
633928
634302
635951
637591
637967
638085
640122
641016
641104
644261
645376
645900
646273
646888
646894
649445
649667
650154
650949
652395
652979
653796
654232
655268
655649
656671
657181
659058
660367
661357
662997
664064
664151
664602
665432
665514
666206
666751
666801
667064
667470
667677
668590
669304
671292
671545
673488
674301
674473
674854
675021
675868
678445
679179
679274
680554
680577
680769
683667
683899
684959
685436
687960
689749
689946
690476
691467
694975
695860
697008
697164
699186
699334
700552
701395
702015
705602
705665
706150
707547
708903
711015
712232
713650
713738
713782
713810
713821
714043
715594
715689
716287
716714
717868
720066
720741
720950
720959
723493
724191
725228
725266
725679
727593
728376
728803
729133
733461
734949
735723
736027
736367
737229
737615
738878
738990
740681
740868
741363
741828
742266
743244
743784
743999
744535
745223
748653
748824
749717
751211
751902
752880
754303
755711
756325
756538
756649
757580
758412
758596
761251
761915
763413
763779
764552
764975
767196
767295
768363
768424
769743
770931
771571
772100
773738
773926
774082
774905
775240
775860
777535
777852
778063
778533
778619
778736
779628
779818
780313
781400
781531
782231
782411
782634
783201
785032
788234
788865
792035
793436
793482
794200
794498
795154
795259
795902
796232
797450
800391
800691
802421
802610
803065
805340
808062
808381
808773
808875
809562
809992
810151
810432
810544
812230
812382
812693
812719
813853
814922
814930
815129
815765
816522
817846
818255
819048
819458
821721
823719
825870
826506
826990
827632
831018
831094
832301
832350
833156
834536
836673
837258
841349
841460
841658
842555
843163
845416
845535
846286
847103
847416
848702
852754
856334
856495
857804
857939
858347
858534
858540
859837
860244
860444
861566
862348
862511
863120
865301
866730
867512
869339
869485
869518
870015
870729
870876
871231
871746
871842
872717
873033
874136
874479
875109
875427
875626
875852
876069
878791
880462
881469
882600
883403
883455
884963
885343
885619
886397
886736
886827
887771
888401
890690
892190
892378
892891
892921
893198
893626
894151
896699
897461
898360
899045
899702
900450
900689
901386
902162
902287
904482
904766
904842
907086
908694
909059
909465
910131
911185
912627
914661
915045
915377
915698
915850
917645
917809
918915
919093
919640
919842
920011
920442
920740
921486
921600
921815
923426
924234
924492
925615
925618
925769
927436
927559
928755
929406
930041
931041
932221
932587
933998
935162
935365
936059
936245
936310
938389
940362
941591
942348
942942
944382
946968
947538
947887
948733
951230
952858
955772
955931
956206
957416
958386
959119
959165
959527
960931
961574
962280
964662
964918
966680
967799
968614
968918
969563
969795
970579
970888
972557
975964
977006
977560
979022
981290
983029
985333
986442
988310
988508
989480
990502
994872
995432
996029
996695
996794
997492
997970
998149
998838
999068
1000223
1000667
1006531
1008000
1008939
1011258
1011905
1012161
1012649
1013344
1014020
1014218
1014518
1015514
1015657
1016947
1017754
1017811
1018376
1018465
1018845
1020882
1021828
1022708
1023084
1024082
1026961
1027135
1028264
1029408
1030404
1030817
1031677
1031928
1033705
1035003
1036420
1037783
1038682
1038741
1039066
1041132
1043506
1044993
1045797
1046458
1046538
1046742
1047050
1047059
1047101
1047120
1047445
1047494
1048642
1050499
1054784
1055008
1055351
1055657
1056896
1058523
1060787
1060922
