48
409
1754
2708
2765
2900
3290
5052
5670
5756
6843
7686
7715
8106
9031
9295
9553
9975
10054
10566
11996
13312
16383
16733
17172
20299
21769
21948
22205
22334
22614
22751
22792
23027
24866
24888
25207
25395
25453
26818
27026
28683
28940
29595
31482
31526
31937
31984
32056
32086
32564
32771
33026
33657
33722
34717
34813
35323
35372
35572
35715
36090
36233
36791
38011
39178
42664
42769
44737
47839
48149
48351
48949
49016
49094
50029
50461
52083
52237
52971
53173
53230
53689
54589
55757
56031
56355
56622
56776
57869
57996
58034
59172
60321
60455
62036
62157
62225
62901
63915
64033
64598
65030
65035
65165
65304
65514
65820
66405
67474
68212
68527
68781
69160
69500
71452
71740
71818
72815
73103
73336
74334
74369
75644
76280
76420
76998
77146
77329
78427
80221
80581
80716
81770
81869
82582
83061
84449
85617
85919
86097
86534
87483
87787
88277
88414
88494
88709
89772
90104
90363
91097
91718
91856
91972
92521
94319
95149
96079
96248
97714
98273
98725
99238
99284
99309
99937
100501
100578
100627
101059
101533
101729
102408
103252
103353
104395
104939
106339
106983
107185
107747
107950
109506
110431
111004
111519
112033
112475
112955
113913
114143
114158
114197
115174
115429
116299
117258
119040
119426
119623
119635
119729
121327
122331
123404
123697
124369
124909
126778
127221
127719
127782
127789
128069
128544
128765
129027
129820
131152
131951
132843
133007
133823
133880
134305
134643
135225
135336
135390
135543
135652
136735
137905
138322
139499
140473
140926
142438
143212
143621
144176
144677
146569
146570
146574
147279
148650
148959
150155
150521
150677
151323
151603
154531
156789
159535
160795
161037
161832
162586
162845
162869
163847
165700
166239
166618
167299
168636
168757
168819
169140
170674
170760
170995
171292
173481
174301
174657
175212
175379
175453
176087
176149
176590
176988
177072
178177
180174
181542
181572
181714
181783
182731
182840
183714
183990
185160
185450
185734
186242
186961
187062
187721
189363
189423
190330
190401
190486
190612
191786
191815
192817
193263
194297
194413
195075
195377
197133
197233
197713
198686
199818
200691
200701
202263
202341
202806
204625
205541
205661
206439
206608
207603
207684
207975
208712
209245
209650
210148
210525
210806
211839
211950
212327
212719
214594
214932
215215
215724
216779
218792
220048
220589
220953
221231
221409
221812
223097
223837
224550
224969
225165
225361
225613
226100
227402
227501
228081
228180
228600
229846
230355
231062
233198
233862
234720
234762
236005
236254
236476
236501
237119
237325
237379
238311
238632
240597
241277
242659
243175
243606
243649
244195
244466
244683
245004
245584
245954
246372
246746
247211
247367
247405
247946
248148
248233
251101
251140
251927
253828
254156
254840
255447
256900
257379
257807
258468
258494
258594
258604
259910
260002
260207
260886
261426
261512
262265
264514
265411
265504
266465
266531
267549
267729
268046
268142
268256
268547
269487
270158
270587
270761
270925
271446
272202
272244
272337
273282
274179
274852
275015
275414
276043
277104
278414
279144
279651
279968
280377
280387
280463
280540
281146
281285
281728
281961
282186
283330
283976
284677
284985
285650
285684
285756
286304
288097
288485
288869
289702
289712
289762
290191
290973
291412
291760
293238
294160
295146
295150
295300
296575
296914
297601
298093
298255
298285
298837
300614
300735
300928
301430
301689
302368
302770
303266
303413
303636
304509
304829
307242
307867
308088
308242
308897
308980
309009
309486
310151
310226
311432
311608
312111
313462
313661
314124
314536
315442
316226
319876
320012
320670
321236
322636
323182
323685
325746
325940
325970
327439
328306
329751
329907
330286
330748
331544
331821
332796
332929
333149
333581
333764
336171
336523
336910
337659
337856
338350
339402
339723
341732
342289
343490
343825
345363
346150
346448
346469
346703
347214
347246
347825
348500
348766
349368
349981
350181
352567
353277
355310
355845
356536
356967
357111
357266
357630
359365
360151
360227
360350
360966
361798
362022
362307
362315
363221
364227
364325
364823
366173
366307
367019
367519
367705
367911
368168
368847
369501
370492
370501
371322
371532
371884
373356
373626
374076
374159
374573
376022
376040
376389
377962
377983
378527
380187
380401
380935
380996
381557
381790
381973
383418
384381
384438
384754
385024
385075
385392
385804
386526
387224
387754
389286
389855
389898
389995
390305
390771
391579
392312
392569
393005
393437
393773
394190
394216
394618
395288
395392
396943
398360
398745
399760
399820
400481
400803
400876
401232
401562
401588
402208
402461
403212
403420
404255
405242
405855
405952
406359
406445
408364
410633
411158
412017
412637
412888
414120
414822
415255
415383
415679
415780
416752
416753
417988
418370
418493
418926
419584
420315
421593
421864
421914
422666
422907
423187
424087
424139
424969
425321
426232
426265
426749
426819
426891
428479
428660
429902
430550
430654
430710
431019
431426
431937
432069
432956
432990
433114
433322
433373
434270
434572
435292
435833
436378
436941
439241
440450
440483
441456
441834
442261
444164
444557
445261
445418
445437
448484
449695
449714
451533
451734
452307
452685
453349
453402
453520
453614
453797
454299
454532
454572
455239
455945
456944
457275
458118
458238
459250
460114
460160
460227
461188
462658
463357
464825
466641
467181
467364
468110
469394
469466
469687
470708
470834
471259
471371
471681
472042
472208
473238
473769
475344
476433
476761
478409
478584
478612
478819
479547
479632
480230
480343
480441
480639
480685
481212
481360
481546
483323
484121
484123
484762
485242
485716
487053
487108
488640
488712
488870
489358
489539
489859
490130
491063
491437
491812
491822
492320
493200
493461
495268
497060
497584
498043
498324
498913
499011
499360
499465
500036
501476
501867
502880
503620
503798
505022
505069
506847
506848
507293
507769
507850
508279
508423
508776
509279
509409
509531
509535
510712
511492
512208
512795
513035
513454
514356
514830
515164
516910
517619
519054
519970
521486
522689
522701
523693
524627
525790
526237
527261
528080
529045
529049
530013
530611
531822
532652
533252
533714
534343
534584
534958
535605
535945
536024
536915
537105
537733
537940
538996
539407
541978
542691
543836
543890
544493
545652
546253
548379
549442
549548
549986
550511
552052
552058
552284
553170
553831
554868
555169
555804
555984
557676
557838
558890
558915
560214
560322
560513
560862
561126
561754
561945
563136
563409
563720
564149
564473
564962
565253
565343
565452
566256
566697
567075
567166
568399
568833
571689
573299
573584
573812
574660
576700
577415
577765
577958
578239
578692
581139
581406
581568
582285
582428
583841
583953
585316
586517
587731
587821
587962
588887
589664
590622
590979
591290
591439
591606
591685
592400
592945
593576
596060
596835
596994
598927
600995
601482
601726
601808
602066
602152
603417
604405
605562
605925
606944
607549
609017
610797
611364
612033
612188
614151
615283
615461
615909
616612
616956
617261
617335
617426
618257
619734
619996
621214
621277
621402
622567
623100
623109
623274
623772
625453
625736
627698
628279
629741
630935
631866
632060
632069
632238
632293
632638
633221
633237
633726
634394
634577
635622
636108
636696
637093
637377
638072
638994
639462
640184
641277
643904
645852
646130
646968
647055
647414
647523
647720
647790
648403
648455
649424
649526
649911
650098
651361
652456
653324
653443
654219
654732
655056
656830
657904
658353
658473
659264
659443
659669
661077
661886
662135
662372
662521
662854
663459
663634
664905
665050
665450
666181
666272
666660
667504
667632
667644
668997
669003
670438
670936
671335
671374
671821
672673
672833
673010
673172
674046
674576
674795
675260
675358
675983
676616
677010
679509
679690
681071
681079
681273
681371
681478
681568
681647
682002
682511
683502
684611
685230
685716
686680
687268
687590
687808
687937
688240
689887
689927
690160
691341
691555
691923
692316
692573
694502
695262
695356
695413
696410
697149
697549
698067
698989
699637
700311
700577
701053
701400
701679
701853
701975
702260
702909
703078
703237
703401
704326
704572
705664
706069
706331
707825
708842
709018
709788
712206
712613
712698
712738
712756
712988
713174
713659
713702
715323
715834
716437
716998
717187
719551
721037
721126
722280
722437
722745
722945
723190
724646
724829
725585
725854
725923
726983
727836
728067
728160
728229
731566
731846
732812
733343
733454
735475
736264
736755
737027
737779
738060
738711
738855
738890
739654
739824
740450
740650
741952
742006
742588
742666
744427
745830
748643
748947
749765
751144
751744
752164
752171
752240
752440
752957
755852
756131
757316
759473
759975
760161
761303
761397
761420
761611
761952
762166
762420
762724
763547
763964
764482
764507
765470
765543
766124
766258
766984
771397
771532
772274
773448
774635
776258
777416
778904
779308
780143
781153
784503
784693
784742
785619
785710
786782
786925
788375
788575
788780
789274
789398
790409
790419
790741
791427
791984
792586
793539
793995
794439
794669
795857
795864
796212
797098
797705
798109
798836
799776
800338
802321
802325
802523
802583
803202
803420
804490
804741
805723
805742
806320
806563
807197
807423
807850
807875
808331
809464
809514
810037
810505
811023
811061
811492
811841
812592
813445
813459
813923
814018
814629
814742
815838
817400
817564
817723
819123
820059
820279
820466
820640
821855
822136
822687
823760
826742
826751
827376
828104
828240
828800
829669
829710
831064
831338
834639
835006
835669
835765
837601
838053
839655
839780
839781
839837
840244
840454
840462
841045
842696
843035
844829
846593
846754
846904
847173
847193
848056
848164
848806
849546
851054
853629
853731
854358
855757
856222
856811
859713
859822
860439
860458
861886
862081
862137
863217
864607
865532
865772
867034
867368
867430
868129
868478
868621
869115
870613
871026
871264
872290
873802
874357
875252
876923
877180
877441
877661
877969
881094
881564
881983
883202
883803
884693
885151
886160
886794
887436
887807
887892
888204
888462
888727
890358
890372
891536
891815
891894
892639
892818
893193
893711
893778
894955
895158
895493
897696
897718
898372
898479
898730
901583
901658
901696
902172
902601
902880
903004
903515
903941
904357
904854
905291
906476
906839
907587
907810
907875
908089
908419
908491
908807
909512
909795
910369
910572
911596
911826
911948
911986
912079
912498
916717
916973
917087
917126
917538
917816
919689
920502
921120
921408
921480
922402
922779
922828
923326
923387
923527
923584
923798
923814
924754
925351
925494
926330
926571
926838
928082
928703
928901
930592
932189
932812
933045
933733
933756
933917
935038
935283
935312
935797
936965
937047
937259
937418
937554
938689
938905
939430
939909
940380
941474
944249
947084
947186
947649
948197
948226
948576
949041
949340
950747
950996
952470
953348
954387
954687
954972
955101
955173
955586
956983
958458
958844
959133
959230
959816
960694
960880
961480
961617
961981
962543
962634
963170
964029
964084
965646
966080
966180
966577
966912
967565
969243
969414
969799
970658
971185
973992
974375
974818
975248
975423
975971
976216
978711
979300
980029
980099
980254
980285
980512
980657
981649
983947
984278
984519
984534
985045
985186
985248
985729
985990
986119
987090
987795
987810
988299
988336
989040
989720
991608
991740
992388
992389
992909
993313
993739
994031
994114
994299
995380
995492
996442
997250
997381
998968
998991
999792
1000535
1001232
1001555
1002096
1002460
1002774
1002875
1002914
1004875
1004939
1005484
1006438
1007628
1007694
1008184
1008504
1009214
1009704
1010141
1010239
1011735
1012252
1013042
1013379
1014034
1014772
1016473
1017624
1018109
1019193
1020580
1020668
1021023
1021409
1022327
1022429
1023201
1023286
1023733
1025144
1025269
1025286
1026492
1026739
1027041
1027460
1028054
1028065
1028685
1029507
1030074
1030292
1030764
1032752
1033304
1034093
1034771
1035239
1037237
1037502
1038759
1038772
1038887
1039720
1040300
1040871
1041035
1041198
1041430
1042131
1044365
1044967
1045686
1045877
1046828
1047710
1047883
1047900
1048527
1048985
1048994
1049635
1049731
1049770
1050113
1050445
1050906
1052094
1052626
1053702
1054258
1054361
1054933
1056302
1056393
1057295
1057427
1059693
1059928
