349
1591
1754
1937
2167
2368
3561
3630
3927
5041
5048
5176
5670
5756
6641
6918
7715
8850
10382
11919
12182
13312
16383
17012
18879
19497
19571
19687
20108
21368
21948
22080
22205
22334
22463
22614
22746
22792
23469
24379
24866
25395
26236
26553
27003
27539
27896
28061
28492
28940
29261
29595
30072
30166
30973
31310
31606
31937
32056
33146
33657
34291
36162
36822
37388
38011
38091
38952
39726
40398
41360
41548
42715
42784
43120
43710
45591
46103
47109
47216
48106
48351
48833
49094
49140
49544
49763
50097
50461
50542
50652
51185
51777
52083
52479
52612
52805
52837
52971
53230
54064
54849
55721
55757
55939
56300
57069
57775
57869
58451
58745
59086
59418
59909
59926
60455
60484
62036
62189
62367
63119
63178
63186
63825
63886
63915
64598
65912
67424
67436
67987
68212
68269
68781
69413
71452
71818
72361
72434
72461
72893
73094
73244
74369
74728
74742
74797
75838
76420
76576
76636
76980
77094
77146
77329
78042
78058
78275
78329
78362
79221
79474
79706
79753
79817
80221
80656
80716
81174
81869
82338
82725
82771
82925
83050
83866
84242
85034
85617
85919
86077
87481
87787
88062
88087
88405
88414
88936
89220
89772
89941
90104
90953
91474
91856
91972
92521
93764
94319
94915
96248
97714
98054
98273
98436
99083
99238
99309
100321
100627
101533
101832
101867
102058
102408
102551
103116
103338
103353
104395
104669
105181
105673
106909
107067
107747
107950
108139
108249
108440
108809
108983
109506
109557
110002
110431
112005
113567
114158
114277
115916
117199
117336
117819
117897
118373
119040
119123
119833
119886
119889
120124
120811
121327
121748
122331
123220
123404
124312
125514
127019
127133
127366
127782
128069
128210
128535
130532
131203
131854
132405
132606
133155
133213
133215
133317
133704
133928
134198
134289
135199
135247
135390
135543
135579
135652
135927
135987
137516
138413
138424
138520
139499
139583
139651
140328
140926
141137
141274
141995
142720
143040
143118
144000
144486
145029
145596
145745
146053
146255
146569
147123
147279
147718
148700
149724
149854
150155
150528
150787
151165
151239
151323
151864
152211
152341
153023
154482
154531
154562
154658
155956
156225
156730
156789
157246
157491
157706
159164
159698
160087
160766
161034
161832
162845
162989
164274
165212
165666
165720
166239
166429
166649
167181
167529
168059
168593
168757
169045
169933
170278
170892
171345
171570
173481
174640
174756
175578
176590
176636
176888
176988
177681
178177
178767
179050
180174
180809
180926
181052
181542
182697
182731
183557
183825
184128
185450
185754
186510
187845
188391
189303
189456
189727
189917
190125
191815
192220
193977
195377
195947
196504
197078
197133
197359
197646
197882
198495
198906
199417
199818
200724
201041
201371
201625
201675
201689
201695
202210
202221
202263
202670
202974
203355
205142
205251
206079
206439
206791
206901
206910
207684
208430
208785
209923
210148
210252
210338
210525
210793
210806
210879
211314
211839
212027
212327
213308
213482
213869
214642
215630
215724
215987
216170
216379
216589
216779
217606
218751
219093
220048
221409
221812
222035
222367
222496
223837
224647
225084
225361
225613
225641
226112
226753
227089
227379
227758
228600
229376
229789
230042
230197
230262
230767
230858
231029
232233
232580
233271
234240
234579
234762
235534
235627
236254
236476
236501
237929
238311
239955
240597
240950
241163
241268
241975
242114
242621
243462
243649
244322
244683
245003
245004
245661
246590
246918
247163
247211
247367
247687
248148
248232
248401
249510
249520
250066
251101
251681
251927
253306
253376
254156
254567
254646
255438
255447
255610
256187
258337
258468
259222
259717
259910
260207
260843
260886
261512
262517
262955
263031
263189
263328
263512
263903
264514
264937
265411
265504
266247
266880
267227
267729
267869
268142
268256
268527
268547
269035
271446
272374
272580
272928
273282
273973
274340
274852
275015
275239
275414
275613
275803
276000
276247
276346
276545
278506
279144
280377
280387
280540
281550
283258
283692
285155
285275
285526
285650
286000
286304
286929
286950
287658
287745
288097
288869
288932
290973
291170
291400
292748
293049
294071
294160
294541
295150
295177
295300
295636
295658
296123
296575
296628
297040
297048
297145
297662
298255
299393
299842
300928
301430
301552
302138
302368
302410
302770
302938
303368
303413
303636
304867
305642
306649
307478
307908
307932
308088
308458
308548
308980
309119
309486
309759
311027
311350
311608
311640
312520
314536
314683
315391
315442
315453
316226
316606
317149
317266
317306
317762
317818
318451
319030
319667
321103
321236
322566
323114
323497
324152
324893
325940
326606
326688
326749
326920
327067
327179
327311
327439
328432
328731
329751
329907
330286
331417
332283
332605
332693
332929
333149
333581
333726
334413
334903
335089
335205
335254
335799
336523
336575
336757
336926
337290
338047
338216
339308
339377
340190
341399
341732
342067
342332
342531
342754
342895
343409
343490
343582
343825
343950
344695
345363
345653
346027
346448
346677
346745
347553
348766
350181
351858
351955
352095
352338
352399
352722
353117
353277
354763
355204
355232
355310
355488
355845
356004
356370
356417
356852
357111
357266
358576
359594
360151
360350
361105
361491
361982
362017
362307
362315
363375
363944
364325
364338
364823
366159
366307
366839
366869
367010
367525
367705
368168
368218
368497
368750
370326
371551
371884
372947
373100
373356
373626
373902
374369
374383
374573
375930
376217
377213
377427
378527
378546
380187
380254
380349
380403
381120
381790
382332
383853
384162
384680
384754
385247
385689
386664
386820
386828
387034
387375
387690
388912
390162
390180
390293
390771
391579
392103
392312
393005
393083
393141
393558
393643
393956
394307
394942
395545
395827
396943
397260
397448
397820
398360
399820
400688
400958
400998
401428
401833
402242
402461
402560
403314
404419
405242
405299
405855
405952
406549
406988
407235
407754
408314
408635
409180
409599
410085
410102
410456
411158
411686
412336
412819
414296
415203
418370
418493
418553
421515
421593
421914
422434
423527
424686
424969
424986
425299
425321
425994
426232
426749
426819
427026
427042
427447
427956
428372
428376
428660
428703
429209
430276
430550
430901
432069
432839
433170
433612
433862
434317
434610
434642
435128
435292
436424
437439
438381
438625
440511
441456
441470
442341
442877
443300
443761
444763
444939
445418
445802
447406
448484
449064
449193
449695
449714
450093
451025
451337
451703
451780
452307
452376
452434
452679
452726
453148
453748
454167
454378
455945
456886
458238
459151
459646
460114
460251
460455
460871
461721
463893
464338
464825
465295
465355
466090
466641
467096
467167
467181
467364
468643
469359
469394
469466
469687
469967
470210
470708
471047
471256
471259
471307
471732
472264
472324
473963
474547
475344
475486
475972
477096
477111
477523
477540
477719
478549
478612
479312
480230
480343
481212
481360
481365
481546
481656
485528
486306
487094
488248
488712
488940
489358
489539
489735
489859
489879
490130
490160
491690
491822
492050
492219
492859
493484
495268
496014
497060
497584
498990
499672
501543
501657
501692
501913
502664
503591
503620
503952
504363
504781
505022
505782
506847
507015
507055
507293
507392
507680
507769
508387
508776
509399
509535
511492
511940
512208
512219
512785
512837
512980
514356
514539
514830
515116
515357
516181
516233
516551
517619
517737
518723
519054
519750
519970
519988
521207
521800
521801
522243
522506
522701
522779
523094
525657
526181
526300
527491
528392
528426
529049
530133
530611
530889
531399
531812
532595
532652
533496
533562
533714
534150
534474
534757
536024
536693
537305
538925
538996
539188
540402
540502
540603
540925
541334
541570
541986
542691
543073
543924
543965
544493
544944
545342
545796
546253
546470
546615
546676
547067
547076
548697
549986
550109
550154
550387
551347
552281
552432
552609
553234
554356
554408
554507
554855
555019
555058
555143
555429
555495
555984
556661
557181
557196
557227
557676
558456
558500
558524
559156
559481
559499
560214
560537
560761
561571
561754
561914
562114
562240
562950
563912
564473
565253
565572
565648
565718
565719
566176
566697
567000
567199
567538
568399
568833
570608
571257
572107
572441
572750
574657
576340
576700
577444
577893
577958
578028
578239
579637
581115
581693
581711
582285
583408
583435
583730
585316
586278
586816
587019
587373
587962
588277
588887
588926
589411
589664
590190
590622
590772
591096
591119
591528
591606
591927
592400
592596
593161
593381
593456
595373
595562
596665
596835
598200
598502
598530
598888
599845
600347
600995
602178
603133
603511
603704
603717
603785
604081
604859
606755
606814
606968
607120
607549
607806
608516
609017
610797
610984
611364
611672
611679
612033
613735
613872
614073
614151
615264
615283
615318
615535
615909
616612
618038
619996
621024
621113
621402
622063
622567
623274
623335
623732
624119
625600
625624
627158
627586
628115
628801
630370
630935
631079
631153
631866
632069
632238
632251
632837
632849
632891
633621
633760
634302
635346
635567
635622
636108
636696
637301
637377
637510
637967
638072
638333
639009
639142
639952
640069
641085
643326
644261
645900
646130
647201
647523
647720
648455
648594
648702
649424
649526
649647
649669
649911
649935
650949
651081
652456
653060
653100
653133
653324
653543
653796
654241
655098
655268
656178
657210
657874
657904
658353
660229
660367
660732
661357
661773
661965
662093
662458
662521
662854
663459
663956
664064
664863
665432
665450
665905
666181
666206
666660
666751
667504
667560
667677
669003
669304
670437
670438
670696
670936
671090
671243
671977
672809
672833
672886
673172
673488
673582
674795
675260
675410
675868
679179
679274
679509
679690
679994
680103
681079
681273
681478
681568
681647
682002
683481
683778
684370
684474
684611
685230
685436
686680
686723
686863
687438
688469
689946
690534
691003
691269
692573
693624
694502
694592
694653
695262
695413
695860
696410
697008
697149
697549
698083
699924
700066
700311
701016
702015
703140
703224
703401
704284
704312
704326
704370
704777
705602
705665
706383
706698
707294
707860
708903
709018
709788
711659
712232
712583
712698
712756
713174
713496
713702
713738
713821
714043
714503
715082
715689
715771
715834
716287
716998
717187
718187
719142
720066
720354
720519
720741
721037
721286
721612
721938
722745
722945
723190
723493
724191
724940
725266
725525
725923
726889
726983
727603
727733
727836
728067
728160
728803
729133
730188
730944
731930
732670
732728
733454
733461
734949
735102
735658
736027
736755
737229
737615
737779
738060
738378
738855
738878
738890
739824
740650
741363
741491
741828
741952
743316
743515
743546
743774
743894
744536
745223
745830
746611
747297
749322
749951
750665
750720
750989
751226
751909
752164
752440
752665
753114
753155
753602
754399
754534
755711
755852
755863
756538
756649
758412
759176
759699
759975
760042
760286
760850
761184
761320
761420
762420
764482
764579
764651
765543
766124
766258
766932
767295
768503
768711
769728
769743
770183
770451
770931
771185
771457
771532
772274
772429
772560
774131
774759
775240
775457
775700
775860
776317
776654
776703
778736
779628
780313
780747
780788
781400
781531
782727
783337
784503
784742
784773
785283
785333
786782
786925
787236
787778
788234
788359
788375
788522
789179
789274
791433
792260
793047
793539
793714
794269
794439
794485
794498
794669
794705
795259
795689
795857
796046
796212
796844
797450
799519
800059
800278
800338
800742
800841
800925
801172
802321
802363
802418
802575
804490
804541
804741
805322
805739
805742
806152
806722
807850
807875
808062
808075
808331
809428
809464
809992
810282
810505
810544
810764
811023
811330
811841
811874
812592
812790
813445
813784
813853
813923
814629
814930
815838
816303
816522
817024
817537
818072
818595
819311
820035
820149
820926
820980
821476
822136
822653
824046
825320
825870
826506
827301
827376
827632
827952
828104
828733
829153
830007
830224
830833
831338
831582
832301
834286
834389
834465
835669
836352
836415
836833
837258
837354
837601
837769
838053
838649
838710
838983
839655
839780
841032
841045
841300
841460
841658
843035
843231
843549
843641
843708
844367
844479
845233
845292
845416
845535
846090
847103
847415
847565
848000
848456
848702
848806
850390
851054
851235
851351
851928
852061
