48
1754
2708
2900
3290
4924
5052
5176
5670
7686
8106
9295
9553
10566
11996
16383
16733
17172
22205
22614
22751
22792
23027
23469
24866
24888
25207
25395
25453
26818
28683
28940
29595
31482
31526
31937
31984
32056
32564
32771
33026
33657
33722
34813
35572
36233
38011
39178
42769
44737
46448
47839
48149
48351
48949
49016
50461
52083
52971
53173
53230
53689
53818
54589
55757
56031
56355
57069
57996
62036
62157
62225
62382
63915
65035
65165
65304
65514
66289
66405
67474
68269
68781
69160
69500
71740
71818
72815
73103
73336
73552
73636
74334
74369
75644
76420
76998
77146
77329
78427
80221
80581
80716
81770
83061
84449
84584
85919
86097
87787
88414
88709
91097
92521
95149
96079
97714
98273
98725
99284
99309
